0 1.4 2.544346400669643 4.979292914754607 16.36181640625 0.31396484375 0 0
10 3.3 0.48811109138257575 0.07977851219096023 16.36181640625 0.2919921875 2.544346400669643 14
20 3.3 0.7316154711174242 1.306867600228223 16.36181640625 0.244140625 1.100606715425532 47
30 3.6 0.4935167100694444 0.1328825852274241 16.36181640625 0.244140625 0.9483978271484375 80
40 4 0.72879638671875 0.7789030022395615 16.36181640625 0.244140625 0.8072278252963362 116
50 2.5 0.560380859375 0.3030768029347889 16.36181640625 0.244140625 0.787117200020032 156
60 2.3 0.4974312160326087 0.07064775784830599 16.36181640625 0.244140625 0.75580002589779 181
70 1.6 0.525909423828125 0.044630421669103984 16.36181640625 0.244140625 0.7266702090992647 204
80 0.7 0.6013881138392857 0.2434725343466077 16.36181640625 0.244140625 0.7120694247159091 220
90 1 0.536669921875 0.041566158506524294 16.36181640625 0.244140625 0.7086563446448237 227
100 1 0.5376953125 0.061115591530367185 16.36181640625 0.244140625 0.7013995335574894 237
110 0.5 0.53798828125 0.04511348824796652 16.36181640625 0.244140625 0.6947718323001012 247
120 0.9 0.5361599392361112 0.057878373616965094 16.36181640625 0.244140625 0.6916610475570436 252
130 0.5 0.576806640625 0.033177839636853244 16.36181640625 0.244140625 0.6862989403735632 261
140 0.1 0.56396484375 0.0 16.36181640625 0.244140625 0.6842408144384399 266
149 0.4 0.56817626953125 0.033271438782226576 16.36181640625 0.244140625 0.6837903426381086 267
