0 0.1 11.976147949175932 0 11.976147949175932 11.976147949175932 0 0
10 0.1 12.28507351108896 0.0 12.28507351108896 11.976147949175932 11.976147949175932 1
20 0.1 25.131020713750935 0.0 25.131020713750935 11.976147949175932 12.130610730132446 2
30 0.1 46.3554667998003 0.0 46.3554667998003 11.976147949175932 16.46408072467194 3
40 0.1 18.53974582606529 0.0 46.3554667998003 11.976147949175932 23.93692724345403 4
50 0.1 34.97008973080758 0.0 46.3554667998003 11.976147949175932 22.857490959976282 5
60 0.1 20.19446522064323 0.0 46.3554667998003 11.976147949175932 24.8762574217815 6
70 0.1 10.48165710007487 0.0 46.3554667998003 10.48165710007487 24.20742996447603 7
80 0.1 9.87284966342558 0.0 46.3554667998003 9.87284966342558 22.491708356425885 8
90 0.1 14.367672736343229 0.0 46.3554667998003 9.87284966342558 21.089612946092515 9
100 0.1 6.508728179551122 0.0 46.3554667998003 6.508728179551122 20.417418925117587 10
110 0.1 6.961077844311377 0.0 46.3554667998003 6.508728179551122 19.152992493702456 11
120 0.1 7.082294264339152 0.0 46.3554667998003 6.508728179551122 18.136999606253198 12
130 0.1 9.501246882793017 0.0 46.3554667998003 6.508728179551122 17.286637656875193 13
140 0.1 3.9181432493137014 0.0 46.3554667998003 3.9181432493137014 16.730538315869325 14
149 0.1 7.381546134663342 0.0 46.3554667998003 3.9181432493137014 15.876378644765618 15
