0 0.1 278.80859375 0 278.80859375 278.80859375 0 0
10 0.1 268.09375 0.0 278.80859375 268.09375 278.80859375 1
20 0.1 148.1953125 0.0 278.80859375 148.1953125 273.451171875 2
30 0.1 63.89453125 0.0 278.80859375 63.89453125 231.69921875 3
40 0.1 56.74609375 0.0 278.80859375 56.74609375 189.748046875 4
50 0.1 65.47265625 0.0 278.80859375 56.74609375 163.14765625 5
60 0.1 56.44140625 0.0 278.80859375 56.44140625 146.86848958333334 6
70 0.1 77.09765625 0.0 278.80859375 56.44140625 133.95033482142858 7
80 0.1 155.33984375 0.0 278.80859375 56.44140625 126.84375000000001 8
90 0.1 148.2734375 0.0 278.80859375 56.44140625 130.00998263888889 9
100 0.1 142.56640625 0.0 278.80859375 56.44140625 131.836328125 10
110 0.1 204.31640625 0.0 278.80859375 56.44140625 132.81178977272728 11
120 0.1 199.6640625 0.0 278.80859375 56.44140625 138.7705078125 12
130 0.1 193.64453125 0.0 278.80859375 56.44140625 143.45462740384616 13
140 0.1 198.41796875 0.0 278.80859375 56.44140625 147.03962053571428 14
149 0.1 164.71875 0.0 278.80859375 56.44140625 150.46484375 15
