0 0.1 1.609375 0 1.609375 1.609375 0 0
10 0.1 1.82421875 0.0 1.82421875 1.609375 1.609375 1
20 0.1 1.6875 0.0 1.82421875 1.609375 1.716796875 2
30 0.1 1.96875 0.0 1.96875 1.609375 1.70703125 3
40 0.1 1.8203125 0.0 1.96875 1.609375 1.7724609375 4
50 0.1 1.84765625 0.0 1.96875 1.609375 1.78203125 5
60 0.1 2.0234375 0.0 2.0234375 1.609375 1.79296875 6
70 0.1 1.9453125 0.0 2.0234375 1.609375 1.8258928571428572 7
80 0.1 1.9609375 0.0 2.0234375 1.609375 1.8408203125 8
90 0.1 2.11328125 0.0 2.11328125 1.609375 1.8541666666666667 9
100 0.1 2.015625 0.0 2.11328125 1.609375 1.880078125 10
110 0.1 1.9375 0.0 2.11328125 1.609375 1.8924005681818181 11
120 0.1 1.79296875 0.0 2.11328125 1.609375 1.8961588541666667 12
130 0.1 1.7578125 0.0 2.11328125 1.609375 1.8882211538461537 13
140 0.1 1.640625 0.0 2.11328125 1.609375 1.87890625 14
149 0.1 1.61328125 0.0 2.11328125 1.609375 1.8630208333333333 15
