0 0.9 4.1884765625 5.714990888167243 16.401123046875 0.47509765625 0 0
10 1.5 1.1598958333333333 0.874924013683407 16.401123046875 0.346923828125 4.1884765625 9
20 1.8 1.29345703125 1.7753527974975167 16.401123046875 0.346923828125 2.2956136067708335 24
30 2 4501.686730957032 10713.5367220429 30008.47216796875 0.346923828125 1.866117931547619 42
40 2.4 16252.774953206377 14948.394150601976 30008.47216796875 0.346923828125 1453.4211543913812 62
50 2 18002.47784423828 14698.206290251099 30008.47216796875 0.346923828125 5583.473377316496 86
60 1.6 20627.37547302246 13905.98038985644 30008.47216796875 0.346923828125 7926.6817673017395 106
70 1.6 20627.617767333984 13906.716792739993 30008.47216796875 0.346923828125 9592.34651559298 122
80 0.7 12858.962297712054 14847.447604216393 30008.47216796875 0.346923828125 10871.798254925272 138
90 1 12001.437084960937 14697.974317293962 30008.47216796875 0.346923828125 10967.730312163254 145
100 1 0.607177734375 0.07020127718489097 30008.47216796875 0.346923828125 11034.421071698589 155
110 0.5 0.608251953125 0.048906821348125275 30008.47216796875 0.346923828125 10365.705078125 165
120 0.9 0.6025933159722222 0.06346527028148977 30008.47216796875 0.346923828125 10060.849289119946 170
130 0.5 0.65458984375 0.026023329318579546 30008.47216796875 0.346923828125 9555.026829554383 179
140 0.1 0.64013671875 0.0 30008.47216796875 0.346923828125 9295.397149127464 184
149 0.4 0.63775634765625 0.034283887885116104 30008.47216796875 0.346923828125 9245.15521933066 185
