30 0.2 32016.392456054688 8.5054931640625 32024.89794921875 32007.886962890625 0 0
40 0.8 32006.737854003906 0.5294180692594997 32024.89794921875 32005.90087890625 32016.392456054688 2
50 0.8 32007.748260498047 2.416878722446694 32024.89794921875 32005.84619140625 32008.66877441406 10
60 0.6 32006.192138671875 0.7168608176997601 32024.89794921875 32005.421875 32008.259657118055 18
70 0.6 32006.970458984375 1.0692460717657124 32024.89794921875 32005.421875 32007.74277750651 24
80 0.2 32006.901611328125 0.242431640625 32024.89794921875 32005.421875 32007.588313802084 30
90 0.1 94032.5419921875 0.0 94032.5419921875 32005.421875 32007.54539489746 32
100 0.5 94012.62685546876 0.7348781177128856 94032.5419921875 32005.421875 33887.09074633049 33
110 0.4 94015.86633300781 7.304972055573968 94032.5419921875 32005.421875 41798.34549753289 38
120 0.5 94012.03842773437 1.4103389429336222 94032.5419921875 32005.421875 46771.44271995908 42
130 0.5 94014.82436523438 3.048197886924695 94032.5419921875 32005.421875 51797.03800802028 47
140 0.1 94011.70092773438 0.0 94032.5419921875 32005.421875 55856.44054236779 52
149 0.4 94012.01397705078 1.1519634120233262 94032.5419921875 32005.421875 56576.35111567659 53
