0 0.2 2.0145263671875 0.0794677734375 2.093994140625 1.93505859375 0 0
10 0.5 1.895458984375 0.1453953168584452 2.093994140625 1.626220703125 2.0145263671875 2
20 0.3 1.7897135416666667 0.16888371730856036 2.093994140625 1.626220703125 1.9294782366071428 7
30 0.5 1.971337890625 0.6871881401888237 3.323974609375 1.41796875 1.887548828125 10
40 0.5 2.5505859375 1.3604482548752508 5.26416015625 1.41796875 1.915478515625 15
50 0.2 1.549072265625 0.156982421875 5.26416015625 1.39208984375 2.07425537109375 20
60 0.3 1.5799153645833333 0.2019010331119303 5.26416015625 1.307861328125 2.026511452414773 22
70 0 0 0 5.26416015625 1.307861328125 1.9729199218750002 25
80 0 0 0 5.26416015625 1.307861328125 1.9729199218750002 25
90 0 0 0 5.26416015625 1.307861328125 1.9729199218750002 25
100 0 0 0 5.26416015625 1.307861328125 1.9729199218750002 25
110 0 0 0 5.26416015625 1.307861328125 1.9729199218750002 25
120 0 0 0 5.26416015625 1.307861328125 1.9729199218750002 25
130 0 0 0 5.26416015625 1.307861328125 1.9729199218750002 25
140 0 0 0 5.26416015625 1.307861328125 1.9729199218750002 25
149 0 0 0 5.26416015625 1.307861328125 1.9729199218750002 25
