0 0.2 4.360595703125 2.3515625 6.712158203125 2.009033203125 0 0
10 0.8 1.87225341796875 0.14299794665026147 6.712158203125 1.656982421875 4.360595703125 2
20 0.8 1.759857177734375 0.4977096603438604 6.712158203125 1.302978515625 2.369921875 10
30 0.6 1.7537434895833333 0.1525538156397368 6.712158203125 1.302978515625 2.098782009548611 18
40 0.6 2.6667073567708335 1.086477373400709 6.712158203125 1.302978515625 2.0125223795572915 24
50 0.2 1.8260498046875 0.0469970703125 6.712158203125 1.302978515625 2.143359375 30
60 0 0 0 6.712158203125 1.302978515625 2.1235275268554688 32
70 0 0 0 6.712158203125 1.302978515625 2.1235275268554688 32
80 0 0 0 6.712158203125 1.302978515625 2.1235275268554688 32
90 0 0 0 6.712158203125 1.302978515625 2.1235275268554688 32
100 0 0 0 6.712158203125 1.302978515625 2.1235275268554688 32
110 0 0 0 6.712158203125 1.302978515625 2.1235275268554688 32
120 0 0 0 6.712158203125 1.302978515625 2.1235275268554688 32
130 0 0 0 6.712158203125 1.302978515625 2.1235275268554688 32
140 0 0 0 6.712158203125 1.302978515625 2.1235275268554688 32
149 0 0 0 6.712158203125 1.302978515625 2.1235275268554688 32
