30 0.2 0.784912109375 0.12890625 0.913818359375 0.656005859375 0 0
40 0.8 0.79425048828125 0.3615403608815718 1.73193359375 0.533935546875 0.784912109375 2
50 0.8 0.909271240234375 0.4908175390949214 2.20703125 0.533935546875 0.7923828125 10
60 0.6 0.6937255859375 0.0449021337503415 2.20703125 0.533935546875 0.8443332248263888 18
70 0.6 0.6865641276041666 0.10106089202612414 2.20703125 0.533935546875 0.8066813151041666 24
80 0.2 0.779052734375 0.044921875 2.20703125 0.533935546875 0.7826578776041667 30
90 0.1 0.8349609375 0.0 2.20703125 0.533935546875 0.7824325561523438 32
100 0.5 0.71572265625 0.10996594595471071 2.20703125 0.510986328125 0.7840243252840909 33
110 0.4 0.75653076171875 0.08032641646492443 2.20703125 0.510986328125 0.775037263569079 38
120 0.5 0.70859375 0.09344912249386318 2.20703125 0.510986328125 0.7732747395833334 42
130 0.5 0.82021484375 0.049210078368656526 2.20703125 0.510986328125 0.7663937832446809 47
140 0.1 0.8291015625 0.0 2.20703125 0.510986328125 0.7715688852163461 52
149 0.4 0.766845703125 0.034359269444267496 2.20703125 0.510986328125 0.7726544074292453 53
