60 0.1 0.802978515625 0 0.802978515625 0.802978515625 0 0
70 0.5 0.80595703125 0.02622502183067788 0.842041015625 0.764892578125 0.802978515625 1
80 0.4 0.859130859375 0.33281529922382724 1.392822265625 0.497802734375 0.8054606119791666 6
90 0.5 0.74697265625 0.07427536260875219 1.392822265625 0.497802734375 0.8269287109375 10
100 0.5 0.84443359375 0.05081865546935867 1.392822265625 0.497802734375 0.8002766927083333 15
110 0.1 0.781982421875 0.0 1.392822265625 0.497802734375 0.81131591796875 20
120 0.4 0.781005859375 0.03778268442515175 1.392822265625 0.497802734375 0.8099190848214286 21
130 0 0 0 1.392822265625 0.497802734375 0.80529296875 25
140 0 0 0 1.392822265625 0.497802734375 0.80529296875 25
149 0 0 0 1.392822265625 0.497802734375 0.80529296875 25
