30 0.1 0.666015625 0 0.666015625 0.666015625 0 0
40 0.5 0.767578125 0.14315212142710143 1.01904296875 0.58203125 0.666015625 1
50 0.4 0.74688720703125 0.12858789319389616 1.01904296875 0.577880859375 0.7506510416666666 6
60 0.5 0.69775390625 0.032229151766246925 1.01904296875 0.577880859375 0.7491455078125 10
70 0.5 0.80859375 0.01849999649460218 1.01904296875 0.577880859375 0.7320149739583334 15
80 0.1 0.7431640625 0.0 1.01904296875 0.577880859375 0.75115966796875 20
90 0.4 0.82073974609375 0.018774537084843605 1.01904296875 0.577880859375 0.7507789248511905 21
100 0 0 0 1.01904296875 0.577880859375 0.76197265625 25
110 0 0 0 1.01904296875 0.577880859375 0.76197265625 25
120 0 0 0 1.01904296875 0.577880859375 0.76197265625 25
130 0 0 0 1.01904296875 0.577880859375 0.76197265625 25
140 0 0 0 1.01904296875 0.577880859375 0.76197265625 25
149 0 0 0 1.01904296875 0.577880859375 0.76197265625 25
