0 0.1 1.48193359375 0 1.48193359375 1.48193359375 0 0
10 0.5 1.198095703125 0.24963321482398806 1.4912109375 0.9169921875 1.48193359375 1
20 0.4 2.10797119140625 1.4046575894740942 4.511962890625 0.9169921875 1.2454020182291667 6
30 0.5 1.25380859375 0.16890809459543624 4.511962890625 0.9169921875 1.5904296875 10
40 0.5 1.390625 0.34142324025631526 4.511962890625 0.9169921875 1.47822265625 15
50 0.1 1.054931640625 0.0 4.511962890625 0.9169921875 1.4563232421875 20
60 0.4 1.37176513671875 0.10321293968295524 4.511962890625 0.9169921875 1.4372093563988095 21
70 0 0 0 4.511962890625 0.9169921875 1.42673828125 25
80 0 0 0 4.511962890625 0.9169921875 1.42673828125 25
90 0 0 0 4.511962890625 0.9169921875 1.42673828125 25
100 0 0 0 4.511962890625 0.9169921875 1.42673828125 25
110 0 0 0 4.511962890625 0.9169921875 1.42673828125 25
120 0 0 0 4.511962890625 0.9169921875 1.42673828125 25
130 0 0 0 4.511962890625 0.9169921875 1.42673828125 25
140 0 0 0 4.511962890625 0.9169921875 1.42673828125 25
149 0 0 0 4.511962890625 0.9169921875 1.42673828125 25
